 -0.088927  -0.134447   0.986925 -0.0326546
  0.772992  -0.634199  -0.016745  -0.284264
  0.628156   0.761394   0.160323  -0.479985
         0          0          0          1
add per:92.1676
 -0.088927  -0.134447   0.986925 -0.0326546
  0.772992  -0.634199  -0.016745  -0.284264
  0.628156   0.761394   0.160323  -0.479985
         0          0          0          1
add per:92.1676
 -0.088927  -0.134447   0.986925 -0.0326546
  0.772992  -0.634199  -0.016745  -0.284264
  0.628156   0.761394   0.160323  -0.479985
         0          0          0          1
add per:92.1676
 0.986776 -0.133821 0.0914689 0.0421447
0.0722077 -0.142309 -0.987184 -0.211243
 0.145123  0.980735 -0.130764 -0.389826
        0         0         0         1
add per:11.2891
